0.00,0.00;
0.17,0.18;
0.50,0.54;
0.53,0.53;
0.63,0.64;
0.61,0.66;
0.72,0.80;
0.70,0.76;
0.80,0.85;
0.73,0.79;
0.81,0.85;
0.75,0.79;
0.84,0.86;
0.75,0.79;
0.80,0.86;
0.80,0.88;
0.81,0.86;
0.73,0.79;
0.81,0.88;
0.76,0.80;
0.84,0.88;
0.77,0.80;
0.85,0.88;
0.77,0.81;
0.85,0.90;
0.76,0.82;
0.85,0.93;
0.77,0.82;
0.85,0.92;
0.85,0.90;
0.86,0.90;
0.77,0.81;
0.85,0.92;
0.76,0.81;
0.85,0.89;
0.77,0.81;
0.85,0.90;
0.77,0.82;
0.86,0.92;
0.77,0.84;
0.85,0.92;
0.76,0.84;
0.84,0.93;
0.77,0.84;
0.86,0.94;
0.85,0.94;
0.85,0.94;
0.77,0.86;
0.85,0.95;
0.77,0.86;
0.85,0.95;
0.80,0.86;
0.88,0.94;
0.80,0.84;
0.86,0.92;
0.79,0.82;
0.86,0.93;
0.80,0.85;
0.88,0.94;
0.85,0.94;
0.86,0.93;
0.79,0.85;
0.86,0.93;
0.80,0.86;
0.89,0.95;
0.80,0.86;
0.89,0.95;
0.81,0.86;
0.90,0.94;
0.80,0.85;
0.88,0.95;
0.80,0.86;
0.88,0.97;
0.81,0.89;
0.88,0.97;
0.89,0.97;
0.89,0.95;
0.80,0.85;
0.88,0.94;
0.80,0.86;
0.88,0.94;
0.81,0.86;
0.90,0.94;
0.81,0.86;
0.88,0.95;
0.80,0.86;
0.89,0.97;
0.81,0.86;
0.88,0.93;
0.88,0.94;
0.88,0.93;
0.81,0.85;
0.88,0.94;
0.80,0.86;
0.88,0.94;
0.81,0.85;
0.89,0.94;
0.82,0.84;
0.90,0.95;
0.81,0.86;
0.89,0.95;
0.82,0.85;
0.89,0.94;
0.81,0.86;
0.90,0.94;
0.90,0.94;
0.92,0.93;
0.82,0.84;
0.92,0.93;
0.84,0.85;
0.92,0.94;
0.84,0.85;
0.90,0.95;
0.82,0.85;
0.89,0.93;
0.80,0.85;
0.89,0.94;
0.81,0.86;
0.92,0.97;
0.92,0.97;
0.92,0.97;
0.84,0.88;
0.90,0.97;
0.84,0.88;
0.92,0.95;
0.84,0.86;
0.93,0.94;
0.82,0.86;
0.89,0.93;
0.81,0.85;
0.90,0.93;
0.84,0.86;
0.92,0.94;
0.84,0.85;
0.92,0.93;
0.93,0.94;
0.92,0.94;
0.85,0.85;
0.92,0.94;
0.82,0.85;
0.89,0.94;