
-1.66
-1.69
-1.74
-1.80
-1.89
-1.97
-2.07
-2.17
-2.24
-2.33
-2.39
-2.43
-2.46
1.66
1.67
1.71
1.76
1.83
1.93
2.01
2.11
2.21
2.28
2.36
2.42
2.44
-1.66
-1.67
-1.69
-1.75
-1.81
-1.89
-1.99
-2.07
-2.17
-2.26
-2.32
-2.38
-2.43
-2.44
1.66
1.68
1.72
1.79
1.85
1.94
2.03
2.11
2.20
2.28
2.34
2.39
2.41
-1.66
-1.67
-1.70
-1.76
-1.83
-1.90
-2.00
-2.09
-2.16
-2.24
-2.31
-2.35
-2.38
-2.39
1.66
1.69
1.73
1.79
1.87
1.94
2.03
2.12
2.19
2.26
2.32
2.35
2.38
-1.66
-1.68
-1.72
-1.76
-1.84
-1.92
-1.99
-2.08
-2.16
-2.22
-2.29
-2.32
-2.35
1.66
1.66
1.69
1.74
1.79
1.87
1.96
2.03
2.12
2.20
2.25
2.31
2.33
2.35
-1.66
-1.68
-1.73
-1.79
-1.85
-1.93
-2.02
-2.09
-2.17
-2.23
-2.29
-2.34
-2.36
1.66
1.68
1.71
1.76
1.84
1.91
2.00
2.09
2.17
2.25
2.30
2.35
2.37
-1.66
-1.67
-1.71
-1.75
-1.82
-1.90
-1.98
-2.07
-2.14
-2.22
-2.29
