-1.10
-1.08
-1.07
-1.08
-1.10
-1.13
-1.18
-1.23
-1.30
-1.38
-1.44
-1.52
-1.58
-1.63
-1.67
-1.69
-1.69
-1.68
-1.65
-1.62
-1.56
-1.50
-1.43
-1.35
-1.29
-1.22
-1.16
-1.12
-1.09
-1.08
-1.08
-1.10
-1.13
-1.18
-1.24
-1.29
-1.37
-1.44
-1.50
-1.56
-1.62
-1.65
-1.67
-1.68
-1.67
-1.65
-1.62
-1.56
-1.50
-1.44
-1.37
-1.30
-1.24
-1.18
-1.13
-1.11
-1.09
-1.09
-1.10
-1.14
-1.17
-1.23
-1.29
-1.35
-1.42
-1.49
-1.54
-1.60
-1.64
-1.66
-1.68
-1.67
-1.65
-1.61
-1.57
-1.51
-1.44
-1.39
-1.32
-1.25
-1.20
-1.16
-1.13
-1.11
-1.10
-1.11
-1.14
-1.18
-1.23
-1.29
-1.35
-1.41
-1.47
-1.54
-1.58
-1.62
-1.65
-1.66
-1.66
-1.65
-1.62
-1.57
-1.53
-1.46
-1.39
-1.34
-1.27
-1.22
-1.17
-1.13
-1.11
-1.11
-1.12
-1.14
-1.19
-1.24
-1.29
-1.36
-1.43