0.00,0.00;
0.17,0.15;
0.48,0.48;
0.55,0.54;
0.57,0.61;
0.63,0.70;
0.70,0.76;
0.75,0.80;
0.77,0.82;
0.79,0.82;
0.79,0.81;
0.73,0.73;
0.82,0.80;
0.73,0.75;
0.81,0.82;
0.73,0.76;
0.81,0.84;
0.75,0.77;
0.82,0.85;
0.75,0.77;
0.82,0.86;
0.76,0.80;
0.82,0.89;
0.76,0.81;
0.81,0.90;
0.72,0.81;
0.80,0.89;
0.79,0.88;
0.80,0.88;
0.71,0.77;
0.80,0.85;
0.72,0.77;
0.80,0.86;
0.72,0.81;
0.80,0.89;
0.75,0.81;
0.81,0.90;
0.75,0.81;
0.84,0.90;
0.76,0.82;
0.82,0.89;
0.82,0.90;
0.82,0.90;
0.76,0.84;
0.82,0.92;
0.73,0.84;
0.82,0.90;
0.76,0.79;
0.84,0.89;
0.76,0.80;
0.82,0.90;
0.75,0.82;
0.84,0.92;
0.77,0.82;
0.82,0.92;
0.76,0.82;
0.84,0.92;
0.82,0.93;
0.85,0.92;
0.77,0.84;
0.84,0.92;
0.76,0.81;
0.82,0.90;
0.76,0.82;
0.84,0.90;
0.76,0.82;
0.82,0.90;
0.76,0.82;
0.84,0.90;
0.79,0.82;
0.84,0.90;
0.84,0.92;
0.85,0.92;
0.79,0.81;
0.86,0.88;
0.79,0.79;
0.88,0.89;
0.80,0.80;
0.88,0.89;
0.80,0.81;
0.88,0.90;
0.80,0.82;
0.85,0.89;
0.77,0.82;
0.85,0.90;
0.77,0.81;
0.86,0.88;
0.86,0.89;
0.88,0.90;
0.79,0.82;
0.85,0.92;
0.77,0.82;
0.85,0.90;
0.77,0.84;
0.85,0.90;
0.76,0.84;
0.84,0.93;
0.76,0.84;
0.84,0.92;
0.79,0.84;
0.85,0.93;
0.85,0.93;
0.85,0.93;
0.77,0.85;
0.85,0.93;
0.77,0.84;
0.86,0.93;
0.77,0.85;
0.86,0.93;
0.77,0.84;
0.84,0.93;
0.76,0.82;
0.84,0.93;
0.77,0.85;
0.85,0.93;
0.77,0.84;
0.85,0.94;
0.84,0.93;
0.84,0.94;
0.77,0.85;
0.86,0.94;
0.80,0.86;
0.86,0.94;
0.80,0.85;
0.85,0.93;
0.79,0.86;
0.86,0.93;
0.79,0.85;
0.86,0.94;
0.77,0.85;
0.85,0.93;
0.84,0.94;
0.85,0.94;
0.76,0.85;
0.85,0.93;
0.77,0.85;
0.85,0.93;
0.77,0.85;
0.85,0.94;
0.76,0.85;
0.84,0.93