
1.66
1.69
1.75
1.84
1.92
2.04
2.16
2.26
2.37
2.44
2.52
2.57
2.59
-1.66
-1.68
-1.72
-1.78
-1.87
-1.94
-2.04
-2.13
-2.21
-2.30
-2.36
-2.43
-2.47
-2.48
1.66
1.68
1.72
1.78
1.86
1.93
2.02
2.10
2.19
2.27
2.32
2.37
2.40
-1.66
-1.67
-1.70
-1.74
-1.81
-1.88
-1.95
-2.05
-2.12
-2.21
-2.28
-2.33
-2.37
-2.39
1.66
1.68
1.72
1.77
1.85
1.92
2.01
2.10
2.17
2.25
2.31
2.34
2.37
-1.66
-1.67
-1.70
-1.75
-1.81
-1.88
-1.95
-2.04
-2.12
-2.19
-2.26
-2.31
-2.34
-2.36
1.66
1.68
1.72
1.77
1.85
1.94
2.01
2.10
2.17
2.23
2.28
2.32
2.33
-1.66
-1.67
-1.70
-1.74
-1.79
-1.87
-1.95
-2.02
-2.11
-2.19
-2.25
-2.31
-2.34
-2.35
1.66
1.69
1.73
1.80
1.86
1.95
2.04
2.11
2.19
2.26
2.31
2.35
2.37
-1.66
-1.68
-1.71
-1.77
-1.85
-1.92
-2.01
-2.10
-2.17
-2.25
-2.31
-2.34
-2.37
1.66
1.67
1.71
1.75
1.82
1.90
1.97
2.06
2.14
2.20

